0.1	1253.6794264196103
0.11	1198.7425523772845
0.12000000000000001	1154.4157735056906
0.13	1118.1778367320826
0.14	1088.2365847633855
0.15000000000000002	1063.2843361802304
0.16	1042.3453730345539
0.17	1024.6775027036608
0.18	1009.7065992499497
0.19	996.9819319141733
0.2	986.1449775506812
0.21000000000000002	976.9072036899082
0.22	969.0339549825026
0.23	962.3325764067279
0.24000000000000002	956.6435309447468
0.25	951.833668529639
0.26	947.791063523421
0.27	944.4210114254176
0.28	941.642892975312
0.29000000000000004	939.3876947815478
0.30000000000000004	937.5960320110707
0.31	936.2165588791997
0.32	935.2046813653693
0.33	934.5215074305701
0.33999999999999997	934.1329853768075
0.35	934.0091923206602
0.36	934.1237433268861
0.37	934.4532980349493
0.38	934.9771466800187
0.39	935.6768610508099
0.4	936.535998891969
0.41000000000000003	937.5398524616936
0.42000000000000004	938.6752338454465
0.43000000000000005	939.9302909053982
0.44000000000000006	941.2943489343803
0.45000000000000007	942.7577739560417
0.45999999999999996	944.3118543344724
0.47	945.9486978810965
0.48	947.6611422043751
0.49	949.4426763547439
0.5	951.2873721500924
0.51	953.1898238207447
0.52	955.1450948861227
0.53	957.1486711899472
0.54	959.196419378246
0.55	961.2845500425316
0.56	963.4095849680458
0.5700000000000001	965.568327955225
0.58	967.757838794195
0.59	969.9754099526149
0.6	972.2185457446104
0.61	974.4849435849253
0.62	976.7724771829409
0.63	979.0791813727834
0.64	981.403238452693
0.65	983.7429658419671
0.66	986.0968049046195
0.67	988.4633108536004
0.6799999999999999	990.8411435390468
0.69	993.2290591435379
0.7	995.6259025893241
0.71	998.0306006200921
0.72	1000.4421555180368
0.73	1002.8596393502512
0.74	1005.2821887072855
0.75	1007.708999906738
0.76	1010.1393245815019
0.77	1012.5724656404883
0.78	1015.0077735616304
0.79	1017.4446429905012
0.8	1019.8825096077378
0.8099999999999999	1022.3208472304661
0.82	1024.7591651822352
0.83	1027.1970058078537
0.84	1029.6339422509068
0.85	1032.069576327566
0.86	1034.5035366091272
0.87	1036.9354766409488
0.88	1039.365073285382
0.89	1041.792025167838
0.9	1044.216051279245
0.91	1046.6368896464242
0.92	1049.0542961016122
0.93	1051.4680431380668
0.94	1053.877918862945
0.95	1056.283726015513
0.96	1058.685281016968
0.97	1061.0824131577228
0.98	1063.4749637619327
0.99	1065.8627854589834
1.	1068.2457415137887
1.01	1070.6237051095834
1.02	1072.9965588302214
1.03	1075.364194024052
1.04	1077.7265102985468
1.05	1080.0834150365056
1.06	1082.4348229018824
1.07	1084.7806554424797
1.08	1087.1208406479805
1.09	1089.4553125787843
1.1	1091.7840110300617
1.11	1094.10688115623
1.12	1096.4238731860007
1.1300000000000001	1098.7349421051208
1.1400000000000001	1101.0400473917123
1.1500000000000001	1103.339152749225
1.1600000000000001	1105.6322258572238
1.1700000000000002	1107.9192381546777
1.1800000000000002	1110.2001645856828
1.1900000000000002	1112.4749834475258
1.2000000000000002	1114.743676144641
1.2100000000000002	1117.006227043027
1.2200000000000002	1119.2626232884033
1.2300000000000002	1121.5128546296944
1.2400000000000002	1123.7569132903914
1.2500000000000002	1125.9947938096423
1.26	1128.2264929134506
1.27	1130.4520093808276
1.28	1132.6713439246641
1.29	1134.8844990921914
1.3	1137.0914791285406
1.31	1139.2922899002822
1.32	1141.4869387907113
1.33	1143.6754346060745
1.34	1145.8577874906593
1.35	1148.0340088596843
1.36	1150.2041112929735
1.37	1152.3681084965926
1.3800000000000001	1154.526015208155
1.3900000000000001	1156.6778471411747
1.4000000000000001	1158.8236209372217
1.4100000000000001	1160.9633540800164
1.4200000000000002	1163.0970648611017
1.4300000000000002	1165.2247723211512
1.4400000000000002	1167.346496207482
1.4500000000000002	1169.462256917247
1.4600000000000002	1171.5720754565555
1.4700000000000002	1173.6759734016637
1.4800000000000002	1175.7739728566341
1.4900000000000002	1177.86609641827
1.5000000000000002	1179.9523671400584
1.51	1182.032808497017
1.52	1184.1074443451212
1.53	1186.1762989244717
1.54	1188.2393967765943
1.55	1190.2967627706623
1.56	1192.348422045807
1.57	1194.3943999909316
1.58	1196.434722232972
1.59	1198.4694146155616
1.6	1200.4985031475608
1.61	1202.5220140301274
1.62	1204.5399736075447
1.6300000000000001	1206.5524083489508
1.6400000000000001	1208.559344860971
1.6500000000000001	1210.5608098278437
1.6600000000000001	1212.5568300302386
1.6700000000000002	1214.5474323201784
1.6800000000000002	1216.532643612381
1.6900000000000002	1218.5124908548044
1.7000000000000002	1220.4870010434688
1.7100000000000002	1222.4562011827688
1.7200000000000002	1224.4201183037364
1.7300000000000002	1226.3787794245934
1.7400000000000002	1228.332211567375
1.7500000000000002	1230.2804417264126
1.7600000000000002	1232.2234968750474
1.77	1234.1614039661783
1.78	1236.0941898840524
1.79	1238.0218814900238
1.8	1239.9445055651188
1.81	1241.8620888616406
1.82	1243.774658033065
1.83	1245.6822396662412
1.84	1247.5848602889528
1.85	1249.4825463206555
1.86	1251.3753241099203
1.87	1253.2632198997785
1.8800000000000001	1255.1462598445742
1.8900000000000001	1257.0244699948764
1.9000000000000001	1258.8978762968807
1.9100000000000001	1260.7665045850745
1.9200000000000002	1262.6303805850746
1.9300000000000002	1264.4895299161042
1.9400000000000002	1266.3439780737235
1.9500000000000002	1268.1937504234666
1.9600000000000002	1270.0388722301088
1.9700000000000002	1271.8793686183603
1.9800000000000002	1273.7152645926017
1.9900000000000002	1275.5465850308667
2.	1277.3733546722035
2.0100000000000002	1279.195598135175
2.02	1281.0133399026447
2.03	1282.8266043206306
2.04	1284.6354155910649
2.05	1286.4397978000106
2.06	1288.2397748791766
2.07	1290.03537062914
2.08	1291.8266087028157
2.09	1293.613512625139
2.1	1295.396105770986
2.1100000000000003	1297.174411379019
2.12	1298.9484525435196
2.1300000000000003	1300.7182522151606
2.14	1302.4838332109077
2.15	1304.2452181936935
2.16	1306.0024296888103
2.17	1307.75549007895
2.18	1309.5044216114509
2.19	1311.2492463731792
2.2	1312.989986325278
2.21	1314.7266632761302
2.22	1316.4592988987213
2.23	1318.1879147206262
2.24	1319.912532122625
2.25	1321.6331723500973
2.2600000000000002	1323.3498565032926
2.27	1325.062605547847
2.2800000000000002	1326.7714403011516
2.29	1328.4763814507858
2.3000000000000003	1330.177449524427
2.31	1331.8746649331417
2.3200000000000003	1333.5680479418593
2.33	1335.257618672584
2.3400000000000003	1336.943397112873
2.35	1338.6254031131655
2.3600000000000003	1340.3036563883493
2.37	1341.9781765196724
2.3800000000000003	1343.648982948561
2.39	1345.3160949828884
2.4000000000000004	1346.9795318068773
2.41	1348.6393124539204
2.42	1350.2954558405163
2.43	1351.9479807446976
2.44	1353.5969058132428
2.45	1355.2422495677047
2.46	1356.884030399729
2.47	1358.5222665655751
2.48	1360.1569762003996
2.49	1361.788177311052
2.5	1363.4158877769185
2.5100000000000002	1365.0401253522841
2.52	1366.660907672379
2.5300000000000002	1368.2782522412685
2.54	1369.8921764433155
2.5500000000000003	1371.5026975396713
2.56	1373.1098326699384
2.5700000000000003	1374.713598860855
2.58	1376.3140130073227
2.5900000000000003	1377.9110918922618
2.6	1379.5048521850706
2.6100000000000003	1381.0953104266937
2.62	1382.6824830514486
2.6300000000000003	1384.2663863763319
2.64	1385.8470365982685
2.6500000000000004	1387.4244498091252
2.66	1388.9986419805175
2.67	1390.569628975987
2.68	1392.1374265475692
2.69	1393.7020503329572
2.7	1395.2635158718335
2.71	1396.8218385752716
2.72	1398.3770337653402
2.73	1399.929116646778
2.74	1401.4781023244
2.75	1403.024005790124
2.7600000000000002	1404.566841936477
2.77	1406.1066255484425
2.7800000000000002	1407.6433713187266
2.79	1409.1770938176276
2.8000000000000003	1410.7078075370275
2.81	1412.2355268518345
2.8200000000000003	1413.7602660400264
2.83	1415.282039289009
2.8400000000000003	1416.8008606719925
2.85	1418.3167441854341
2.8600000000000003	1419.8297037126333
2.87	1421.3397530441148
2.8800000000000003	1422.8469058817298
2.89	1424.3511758298755
2.9000000000000004	1425.852576395436
2.91	1427.3511209923427
2.92	1428.8468229501289
2.93	1430.339695500111
2.94	1431.8297517854762
2.95	1433.3170048598013
2.96	1434.8014676836647
2.97	1436.2831531310576
2.98	1437.7620739921529
2.99	1439.238242966236
3.	1440.7116726667448
3.0100000000000002	1442.1823756255753
3.02	1443.6503642772493
3.0300000000000002	1445.1156509884145
3.04	1446.5782480306582
3.0500000000000003	1448.0381675988135
3.06	1449.4954217967854
3.0700000000000003	1450.9500226676867
3.08	1452.4019821407662
3.0900000000000003	1453.851312097291
3.1	1455.2980243215193
3.1100000000000003	1456.7421305203993
3.12	1458.18364232886
3.1300000000000003	1459.6225712961455
3.14	1461.0589289024035
3.1500000000000004	1462.4927265440003
3.16	1463.9239755507622
3.1700000000000004	1465.3526871663692
3.18	1466.7788725675957
3.19	1468.2025428588672
3.2	1469.6237090557102
3.21	1471.0423821301092
3.22	1472.4585729540277
3.23	1473.8722923382336
3.24	1475.2835510344746
3.25	1476.6923596998142
3.2600000000000002	1478.0987289444022
3.27	1479.502669293559
3.2800000000000002	1480.9041912121756
3.29	1482.3033050951076
3.3000000000000003	1483.7000212667276
3.31	1485.0943499891691
3.3200000000000003	1486.4863014603807
3.33	1487.8758857992811
3.3400000000000003	1489.2631130800457
3.35	1490.6479932917507
3.3600000000000003	1492.0305363709317
3.37	1493.41075218801
3.3800000000000003	1494.7886505515328
3.39	1496.1642411987652
3.4000000000000004	1497.5375338149013
3.41	1498.9085380304732
3.4200000000000004	1500.277263387672
3.43	1501.6437193945853
3.44	1503.007915486996
3.45	1504.3698610401173
3.46	1505.7295653764322
3.47	1507.0870377590306
3.48	1508.4422873830435
3.49	1509.7953234012787
3.5	1511.1461548897096
3.5100000000000002	1512.4947908877195
3.52	1513.841240361336
3.5300000000000002	1515.1855122365848
3.54	1516.5276153723717
3.5500000000000003	1517.867558574583
3.56	1519.2053505913
3.5700000000000003	1520.5410001275663
3.58	1521.8745158216682
3.5900000000000003	1523.2059062690835
3.6	1524.5351800051562
3.6100000000000003	1525.862345516525
3.62	1527.187411237119
3.6300000000000003	1528.510385545769
3.64	1529.8312767778598
3.6500000000000004	1531.1500932098022
3.66	1532.4668430664951
3.6700000000000004	1533.781534539339
3.68	1535.0941757488713
3.69	1536.4047747716284
3.7	1537.7133396400995
3.71	1539.0198783486323
3.72	1540.3243988213449
3.73	1541.6269089474633
3.74	1542.9274165583333
3.75	1544.225929463924
3.7600000000000002	1545.52245539815
3.77	1546.817002058428
3.7800000000000002	1548.1095771076405
3.79	1549.4001881448714
3.8000000000000003	1550.688842740236
3.81	1551.9755484053956
3.8200000000000003	1553.2603126186568
3.83	1554.5431428109387
3.8400000000000003	1555.8240463577265
3.85	1557.1030306093764
3.8600000000000003	1558.38010286018
3.87	1559.655270374112
3.8800000000000003	1560.9285403526333
3.89	1562.1999199800086
3.9000000000000004	1563.4694163761735
3.91	1564.737036628717
3.9200000000000004	1566.0027877950342
3.93	1567.2666768734296
3.94	1568.5287108266893
3.95	1569.7888965854536
3.96	1571.04724102519
3.97	1572.3037510064942
3.98	1573.5584333221095
3.99	1574.811294748246
4.	1576.0623420037346
4.01	1577.3115817852172
4.02	1578.5590207475327
4.03	1579.8046654917846
4.04	1581.0485226039923
4.05	1582.290598624878
4.06	1583.5309000519649
4.07	1584.7694333455672
4.08	1586.0062049364265
4.09	1587.2412212224863
4.1	1588.4744885546022
4.109999999999999	1589.7060132511497
4.12	1590.9358015978373
4.13	1592.1638598523114
4.14	1593.3901942207192
4.1499999999999995	1594.6148108933567
4.16	1595.837716006017
4.17	1597.0589156716683
4.18	1598.2784159680189
4.1899999999999995	1599.4962229424193
4.199999999999999	1600.7123426066441
4.21	1601.9267809382927
4.22	1603.1395438755922
4.2299999999999995	1604.3506373404987
4.239999999999999	1605.5600672034777
4.25	1606.767839313451
4.26	1607.9739594930752
4.27	1609.1784335128248
4.279999999999999	1610.3812671366045
4.29	1611.5824660852945
4.3	1612.782036044903
4.31	1613.979982676525
4.319999999999999	1615.176311604813
4.33	1616.3710284290864
4.34	1617.5641387172964
4.35	1618.7556480036374
4.359999999999999	1619.9455618052505
4.37	1621.1338856026882
4.38	1622.3206248265992
4.39	1623.5057849241293
4.3999999999999995	1624.689371262962
4.41	1625.8713892164328
4.42	1627.05184412047
4.43	1628.2307412744872
4.4399999999999995	1629.4080859626838
4.45	1630.5838834256122
4.46	1631.758138898395
4.47	1632.930857564204
4.4799999999999995	1634.102044602228
4.489999999999999	1635.2717051391687
4.5	1636.439844294811