0.1	49.612050514263416
0.11	56.09405128698714
0.12000000000000001	62.749408156798324
0.13	69.56866107936179
0.14	76.54357329658664
0.15000000000000002	83.66689313971494
0.16	90.93217583862271
0.17	98.33364721057626
0.18	105.8660973712507
0.19	113.5247964827045
0.2	121.3054269993458
0.21000000000000002	129.20402849173428
0.22	137.21695219809408
0.23	145.34082321802703
0.24000000000000002	153.572508771201
0.25	161.90909133429966
0.26	170.34784573285359
0.27	178.88621947394716
0.28	187.52181575193805
0.29000000000000004	196.25237869271194
0.30000000000000004	205.07578045404267
0.31	213.99000990537775
0.32	222.99316264929462
0.33	232.08343218146112
0.33999999999999997	241.2591020319301
0.35	250.51853874793525
0.36	259.8601856227179
0.37	269.2825570447509
0.38	278.7842334144536
0.39	288.3638565475352
0.4	298.0201255136257
0.41000000000000003	307.75179284269745
0.42000000000000004	317.5576610825016
0.43000000000000005	327.4365796481924
0.44000000000000006	337.38744193890153
0.45000000000000007	347.40918269434206
0.45999999999999996	357.50077557177576
0.47	367.66123090327505
0.48	377.889593635947
0.49	388.1849414278047
0.5	398.5463828826058
0.51	408.9730559071648
0.52	419.46412620784037
0.53	430.01878586364603
0.54	440.6362520205904
0.55	451.31576566053945
0.56	462.0565904575085
0.5700000000000001	472.8580117055827
0.58	483.71933532488515
0.59	494.63988690688876
0.6	505.6190108496521
0.61	516.6560695151761
0.62	527.7504424647269
0.63	538.9015257165352
0.64	550.1087310592293
0.65	561.3714854020544
0.66	572.6892301545407
0.67	584.0614206595664
0.6799999999999999	595.487525621814
0.69	606.9670266093575
0.7	618.4994175553437
0.71	630.0842042830285
0.72	641.7209040731422
0.73	653.4090452406774
0.74	665.1481667306699
0.75	676.9378177470626
0.76	688.7775573861272
0.77	700.6669542919843
0.78	712.6055863289489
0.79	724.5930402728877
0.8	736.6289115135428
0.8099999999999999	748.7128037584368
0.82	760.8443287830453
0.83	773.0231061434299
0.84	785.2487629604179
0.85	797.5209336522784
0.86	809.8392597193335
0.87	822.2033895321931
0.88	834.612978122233
0.89	847.0676869644474
0.9	859.5671838078135
0.91	872.1111424836065
0.92	884.6992427251571
0.93	897.3311699938354
0.94	910.006615327807
0.95	922.7252751900272
0.96	935.486851287677
0.97	948.2910504679223
0.98	961.137584542615
0.99	974.02617016875
1.	986.9565287440273
1.01	999.9283862142454
1.02	1012.9414730411659
1.03	1025.9955240173335
1.04	1039.090278178715
1.05	1052.2254787096686
1.06	1065.4008728078911
1.07	1078.6162116233531
1.08	1091.8712501251691
1.09	1105.1657470191212
1.1	1118.4994646816563
1.11	1131.8721690297923
1.12	1145.2836294699318
1.1300000000000001	1158.733618793078
1.1400000000000001	1172.22191311097
1.1500000000000001	1185.7482917735992
1.1600000000000001	1199.312537291389
1.1700000000000002	1212.9144352804465
1.1800000000000002	1226.5537743504897
1.1900000000000002	1240.2303460992964
1.2000000000000002	1253.943944985113
1.2100000000000002	1267.6943683058546
1.2200000000000002	1281.4814161253391
1.2300000000000002	1295.3048911951523
1.2400000000000002	1309.1645989253002
1.2500000000000002	1323.0603473093004
1.26	1336.9919468776743
1.27	1350.9592106373027
1.28	1364.9619540215929
1.29	1378.999994858767
1.3	1393.073153286206
1.31	1407.181251735182
1.32	1421.324114873706
1.33	1435.501569557648
1.34	1449.7134447880999
1.35	1463.9595716876834
1.36	1478.239783419493
1.37	1492.5539151927665
1.3800000000000001	1506.9018041885204
1.3900000000000001	1521.2832895337765
1.4000000000000001	1535.6982122833783
1.4100000000000001	1550.1464153452603
1.4200000000000002	1564.6277434738174
1.4300000000000002	1579.1420432263608
1.4400000000000002	1593.6891629393967
1.4500000000000002	1608.2689526815848
1.4600000000000002	1622.881264226547
1.4700000000000002	1637.525951026268
1.4800000000000002	1652.2028681769334
1.4900000000000002	1666.9118723930746
1.5000000000000002	1681.6528219781244
1.51	1696.425576794162
1.52	1711.2299982213267
1.53	1726.0659491817069
1.54	1740.9332940311888
1.55	1755.8318986151749
1.56	1770.7616301949674
1.57	1785.7223574295776
1.58	1800.7139503696635
1.59	1815.736280435509
1.6	1830.7892203455076
1.61	1845.8726441680064
1.62	1860.98642725126
1.6300000000000001	1876.1304462008104
1.6400000000000001	1891.3045789064417
1.6500000000000001	1906.5087044502666
1.6600000000000001	1921.7427031418413
1.6700000000000002	1937.00645648111
1.6800000000000002	1952.299847147425
1.6900000000000002	1967.6227589529037
1.7000000000000002	1982.9750768692866
1.7100000000000002	1998.3566869624751
1.7200000000000002	2013.767476424364
1.7300000000000002	2029.2073335059272
1.7400000000000002	2044.6761475455025
1.7500000000000002	2060.173808913827
1.7600000000000002	2075.70020902447
1.77	2091.25524033375
1.78	2106.8387962539005
1.79	2122.45077123155
1.8	2138.091060643186
1.81	2153.7595608845536
1.82	2169.45616924162
1.83	2185.1807839445673
1.84	2200.9333041783684
1.85	2216.7136299887043
1.86	2232.521662346185
1.87	2248.357303078007
1.8800000000000001	2264.2204548943537
1.8900000000000001	2280.111021355451
1.9000000000000001	2296.0289068652346
1.9100000000000001	2311.974016652125
1.9200000000000002	2327.9462567688947
1.9300000000000002	2343.9455340919963
1.9400000000000002	2359.971756282749
1.9500000000000002	2376.024831768742
1.9600000000000002	2392.104669794698
1.9700000000000002	2408.211180340002
1.9800000000000002	2424.344274150779
1.9900000000000002	2440.503862721892
2.	2456.6898582653607
2.0100000000000002	2472.9021737405888
2.02	2489.1407228176067
2.03	2505.405419867969
2.04	2521.696179943133
2.05	2538.0129188250985
2.06	2554.3555529413434
2.07	2570.723999405169
2.08	2587.1181759747606
2.09	2603.5380010869453
2.1	2619.9833938044226
2.1100000000000003	2636.4542738374744
2.12	2652.950561519846
2.1300000000000003	2669.4721778031612
2.14	2686.0190442709422
2.15	2702.591083088219
2.16	2719.188217029231
2.17	2735.810369459791
2.18	2752.4574643459487
2.19	2769.1294261922085
2.2	2785.826180109966
2.21	2802.5476517514558
2.22	2819.2937673406686
2.23	2836.064453644249
2.24	2852.8596379611245
2.25	2869.679248140801
2.2600000000000002	2886.5232125546077
2.27	2903.391460112309
2.2800000000000002	2920.2839202242976
2.29	2937.2005228363923
2.3000000000000003	2954.1411983541434
2.31	2971.105877734833
2.3200000000000003	2988.094492413149
2.33	3005.106974301362
2.3400000000000003	3022.143255802017
2.35	3039.2032697949307
2.3600000000000003	3056.2869496340413
2.37	3073.3942291451503
2.3800000000000003	3090.5250426045386
2.39	3107.6793247469486
2.4000000000000004	3124.85701078268
2.41	3142.0580363258964
2.42	3159.282337469218
2.43	3176.52985072545
2.44	3193.80051303826
2.45	3211.094261790383
2.46	3228.411034785845
2.47	3245.750770229932
2.48	3263.1134067578496
2.49	3280.4988834107216
2.5	3297.9071396312856
2.5100000000000002	3315.3381152634583
2.52	3332.7917505613013
2.5300000000000002	3350.2679861524434
2.54	3367.766763060628
2.5500000000000003	3385.2880226907882
2.56	3402.8317068271326
2.5700000000000003	3420.3977576494
2.58	3437.9861176782524
2.5900000000000003	3455.596729820121
2.6	3473.229537357596
2.6100000000000003	3490.884483904779
2.62	3508.5615134580444
2.6300000000000003	3526.2605703625895
2.64	3543.981599299298
2.6500000000000004	3561.7245453185315
2.66	3579.4893537944517
2.67	3597.275970451531
2.68	3615.0843413499506
2.69	3632.914412872383
2.7	3650.766131762389
2.71	3668.6394450365806
2.72	3686.534300085922
2.73	3704.4506445939487
2.74	3722.3884265785937
2.75	3740.3475943515186
2.7600000000000002	3758.3280965497415
2.77	3776.3298821080816
2.7800000000000002	3794.352900296234
2.79	3812.39710063008
2.8000000000000003	3830.462432988747
2.81	3848.5488475023403
2.8200000000000003	3866.6562946026224
2.83	3884.784725036152
2.8400000000000003	3902.9340897926704
2.85	3921.104340206099
2.8600000000000003	3939.2954278465895
2.87	3957.5073045733607
2.8800000000000003	3975.739922541872
2.89	3993.9932341740155
2.9000000000000004	4012.26719215307
2.91	4030.5617494321004
2.92	4048.876859254282
2.93	4067.2124751081997
2.94	4085.5685507525905
2.95	4103.945040207564
2.96	4122.341897740105
2.97	4140.7590778784515
2.98	4159.196535416026
2.99	4177.6542253861
3.	4196.132103072381
3.0100000000000002	4214.630124017667
3.02	4233.148243971959
3.0300000000000002	4251.686418976992
3.04	4270.244605280173
3.0500000000000003	4288.8227593856745
3.06	4307.420838007223
3.0700000000000003	4326.0387981560725
3.08	4344.676596974494
3.0900000000000003	4363.334191933668
3.1	4382.011540679302
3.1100000000000003	4400.708601088033
3.12	4419.4253312800765
3.1300000000000003	4438.161689572858
3.14	4456.917634528806
3.1500000000000004	4475.6931249056415
3.16	4494.488119706677
3.1700000000000004	4513.302578115333
3.18	4532.136459552018
3.19	4550.989723653416
3.2	4569.862330215914
3.21	4588.754239336751
3.22	4607.665411229973
3.23	4626.595806346849
3.24	4645.54538537985
3.25	4664.514109143789
3.2600000000000002	4683.501938726833
3.27	4702.508835364155
3.2800000000000002	4721.534760513733
3.29	4740.579675821728
3.3000000000000003	4759.643543117499
3.31	4778.726324437365
3.3200000000000003	4797.827982015045
3.33	4816.948478228998
3.3400000000000003	4836.087775713002
3.35	4855.245837218716
3.3600000000000003	4874.42262572083
3.37	4893.618104368689
3.3800000000000003	4912.832236497317
3.39	4932.064985592438
3.4000000000000004	4951.316315352222
3.41	4970.586189675851
3.4200000000000004	4989.874572545599
3.43	5009.181428208461
3.44	5028.506721043015
3.45	5047.850415596318
3.46	5067.212476607978
3.47	5086.592868984415
3.48	5105.99155776607
3.49	5125.40850821349
3.5	5144.843685684405
3.5100000000000002	5164.297055771156
3.52	5183.768584169448
3.5300000000000002	5203.258236792423
3.54	5222.765979672651
3.5500000000000003	5242.29177900885
3.56	5261.835601146177
3.5700000000000003	5281.397412626077
3.58	5300.9771800992
3.5900000000000003	5320.574870408047
3.6	5340.190450522453
3.6100000000000003	5359.823887577846
3.62	5379.475148858307
3.6300000000000003	5399.144201785271
3.64	5418.831013957178
3.6500000000000004	5438.535553090631
3.66	5458.257787044755
3.6700000000000004	5477.997683884732
3.68	5497.755211742628
3.69	5517.530338912958
3.7	5537.323033850333
3.71	5557.133265189151
3.72	5576.961001622335
3.73	5596.806212029623
3.74	5616.668865389851
3.75	5636.548930914943
3.7600000000000002	5656.446377843263
3.77	5676.36117558493
3.7800000000000002	5696.29329372742
3.79	5716.242701922931
3.8000000000000003	5736.20937001754
3.81	5756.193267937421
3.8200000000000003	5776.194365781801
3.83	5796.21263376754
3.8400000000000003	5816.248042195874
3.85	5836.30056156631
3.8600000000000003	5856.370162455955
3.87	5876.456815616371
3.8800000000000003	5896.560491847119
3.89	5916.681162168926
3.9000000000000004	5936.8187976390045
3.91	5956.973369472891
3.9200000000000004	5977.144849051271
3.93	5997.333207804888
3.94	6017.538417304486
3.95	6037.760449272338
3.96	6057.999275489459
3.97	6078.254867952847
3.98	6098.527198663865
3.99	6118.816239829621
4.	6139.1219636987535
4.01	6159.444342699679
4.02	6179.783349360627
4.03	6200.138956259471
4.04	6220.511136177188
4.05	6240.899861974742
4.06	6261.305106599335
4.07	6281.726843106635
4.08	6302.165044690061
4.09	6322.6196846661205
4.1	6343.090736414175
4.109999999999999	6363.578173434134
4.12	6384.08196934405
4.13	6404.602097897499
4.14	6425.138532885172
4.1499999999999995	6445.691248280211
4.16	6466.260218076645
4.17	6486.84541641875
4.18	6507.446817547936
4.1899999999999995	6528.064395821526
4.199999999999999	6548.6981256893105
4.21	6569.3479816976815
4.22	6590.013938465978
4.2299999999999995	6610.6959707822425
4.239999999999999	6631.394053453079
4.25	6652.1081614283485
4.26	6672.838269779974
4.27	6693.584353589977
4.279999999999999	6714.346388143067
4.29	6735.124348769945
4.3	6755.9182108801915
4.31	6776.727950003455
4.319999999999999	6797.5535417383935
4.33	6818.394961798962
4.34	6839.252185986946
4.35	6860.12519018001
4.359999999999999	6881.013950402832
4.37	6901.918442740889
4.38	6922.838643280291
4.39	6943.774528396805
4.3999999999999995	6964.726074334447
4.41	6985.69325757687
4.42	7006.676054657308
4.43	7027.674442160684
4.4399999999999995	7048.688396816344
4.45	7069.717895370772
4.46	7090.762914755853
4.47	7111.823431880663
4.4799999999999995	7132.899423843759
4.489999999999999	7153.990867715197
4.5	7175.097740738977