0.1	14.30681013416434
0.11	16.180805587357195
0.12000000000000001	18.116539514580758
0.13	20.11075074082715
0.14	22.16055827344075
0.15000000000000002	24.263398262290004
0.16	26.416973601931723
0.17	28.619213435638322
0.18	30.86824036785611
0.19	33.16234369584329
0.2	35.49995736828254
0.21000000000000002	37.8796416873365
0.22	40.300067996195395
0.23	42.76000577215086
0.24000000000000002	45.25831166942758
0.25	47.793920158376
0.26	50.365835478519124
0.27	52.973124682357316
0.28	55.61491158898712
0.29000000000000004	58.29037150667343
0.30000000000000004	60.998726599111365
0.31	63.73924180310651
0.32	66.51122121759511
0.33	69.314004895363
0.33999999999999997	72.14696598339532
0.35	75.00950816384055
0.36	77.90106336172323
0.37	80.82108967669251
0.38	83.7690695190742
0.39	86.74450792220205
0.4	89.74693101246535
0.41000000000000003	92.77588461378986
0.42000000000000004	95.83093297940556
0.43000000000000005	98.9116576306557
0.44000000000000006	102.0176562935879
0.45000000000000007	105.1485419233172
0.45999999999999996	108.30394180912076
0.47	111.48349674621014
0.48	114.6868602744976
0.49	117.91369797460044
0.5	121.16368681529553
0.51	124.43651454639547
0.52	127.73187914189576
0.53	131.0494882729861
0.54	134.38905882453398
0.55	137.75031643997218
0.56	141.13299509811822
0.5700000000000001	144.5368367167152
0.58	147.96159078431015
0.59	151.4070140080135
0.6	154.87286999283486
0.61	158.35892893086674
0.62	161.86496731793517
0.63	165.39076767965142
0.64	168.93611831751443
0.65	172.50081306875896
0.66	176.08465107749646
0.67	179.68743658457765
0.6799999999999999	183.3089787177423
0.69	186.94909130650782
0.7	190.60759269856015
0.71	194.2843055848971
0.72	197.97905683978513
0.73	201.69167736474185
0.74	205.42200193980113
0.75	209.1698690862494
0.76	212.93512093183023
0.77	216.71760308386894
0.78	220.5171645085777
0.79	224.33365741723853
0.8	228.16693715661427
0.8099999999999999	232.01686210060709
0.82	235.8832935572056
0.83	239.7660956642904
0.84	243.665135308554
0.85	247.58028202883085
0.86	251.51140793633283
0.87	255.45838763658637
0.88	259.42109815252115
0.89	263.3994188456329
0.9	267.39323135265124
0.91	271.4024195155705
0.92	275.42686931573814
0.93	279.4664688102431
0.94	283.5211080759585
0.95	287.5906791535694
0.96	291.6750759829044
0.97	295.77419436280604
0.98	299.88793188862377
0.99	304.01618790782203
1.	308.15886348056864
1.01	312.31586131242926
1.02	316.48708573859847
1.03	320.67244265936387
1.04	324.8718395070465
1.05	329.08518521073205
1.06	333.31239014833704
1.07	337.5533661225036
1.08	341.8080263136828
1.09	346.07628524946745
1.1	350.3580587794602
1.11	354.65326402965525
1.12	358.96181938236776
1.1300000000000001	363.28364443896464
1.1400000000000001	367.6186599959531
1.1500000000000001	371.9667880151605
1.1600000000000001	376.32795159553507
1.1700000000000002	380.70207495250486
1.1800000000000002	385.0890833789191
1.1900000000000002	389.4889032404501
1.2000000000000002	393.9014619317776
1.2100000000000002	398.32668786719245
1.2200000000000002	402.7645104543101
1.2300000000000002	407.2148600664392
1.2400000000000002	411.67766803068486
1.2500000000000002	416.1528666015397
1.26	420.6403889436051
1.27	425.14016910993166
1.28	429.6521420238093
1.29	434.17624346652684
1.3	438.712410047792
1.31	443.26057919889297
1.32	447.8206891523906
1.33	452.39267892461265
1.34	456.9764883001161
1.35	461.5720578223637
1.36	466.1793287659854
1.37	470.7982431369325
1.3800000000000001	475.4287436470198
1.3900000000000001	480.07077370409036
1.4000000000000001	484.7242774046523
1.4100000000000001	489.3891995084264
1.4200000000000002	494.06548543473934
1.4300000000000002	498.75308124724637
1.4400000000000002	503.4519336448875
1.4500000000000002	508.1619899454834
1.4600000000000002	512.8831980757291
1.4700000000000002	517.6155065614057
1.4800000000000002	522.3588645152287
1.4900000000000002	527.1132216273127
1.5000000000000002	531.8785281546126
1.51	536.6547349100814
1.52	541.4417932485209
1.53	546.2396550732864
1.54	551.048272800343
1.55	555.8675993753628
1.56	560.6975882489778
1.57	565.5381933699962
1.58	570.3893691825516
1.59	575.2510706181313
1.6	580.1232530716557
1.61	585.0058724173879
1.62	589.8988849854553
1.6300000000000001	594.8022475538437
1.6400000000000001	599.7159173563036
1.6500000000000001	604.6398520519094
1.6600000000000001	609.5740097356642
1.6700000000000002	614.5183489258837
1.6800000000000002	619.4728285598569
1.6900000000000002	624.4374079781901
1.7000000000000002	629.4120469328141
1.7100000000000002	634.3967055651319
1.7200000000000002	639.391344415705
1.7300000000000002	644.3959244020568
1.7400000000000002	649.4104068272054
1.7500000000000002	654.434753361219
1.7600000000000002	659.4689260441426
1.77	664.5128872853547
1.78	669.5665998349825
1.79	674.6300268086667
1.8	679.703131653314
1.81	684.7858781755172
1.82	689.8782304992426
1.83	694.9801530828568
1.84	700.091610722091
1.85	705.2125685191339
1.86	710.3429919029146
1.87	715.4828466065923
1.8800000000000001	720.6320986756795
1.8900000000000001	725.7907144568803
1.9000000000000001	730.958660595697
1.9100000000000001	736.1359040297832
1.9200000000000002	741.322411988505
1.9300000000000002	746.5181519923508
1.9400000000000002	751.7230918399359
1.9500000000000002	756.9371996016441
1.9600000000000002	762.1604436357499
1.9700000000000002	767.3927925613325
1.9800000000000002	772.6342152683069
1.9900000000000002	777.8846809112902
2.	783.144158899008
2.0100000000000002	788.4126189037479
2.02	793.6900308491538
2.03	798.9763649069857
2.04	804.2715914897262
2.05	809.5756812667962
2.06	814.8886051366039
2.07	820.2103342393793
2.08	825.5408399436028
2.09	830.880093856655
2.1	836.2280678075142
2.1100000000000003	841.5847338534004
2.12	846.9500642718394
2.1300000000000003	852.3240315584459
2.14	857.7066084313778
2.15	863.0977678145741
2.16	868.4974828466443
2.17	873.9057268748513
2.18	879.3224734576957
2.19	884.747696344612
2.2	890.1813694980177
2.21	895.6234670715761
2.22	901.0739634201101
2.23	906.5328330898776
2.24	912.0000508150131
2.25	917.4755915232602
2.2600000000000002	922.9594303264744
2.27	928.4515425257673
2.2800000000000002	933.9519035990575
2.29	939.4604892122421
2.3000000000000003	944.9772751942796
2.31	950.5022375670897
2.3200000000000003	956.0353525210595
2.33	961.5765964150108
2.3400000000000003	967.1259457801433
2.35	972.683377315628
2.3600000000000003	978.2488678874395
2.37	983.8223945274158
2.3800000000000003	989.4039344261912
2.39	994.9934649356222
2.4000000000000004	1000.5909635741795
2.41	1006.1964080035149
2.42	1011.8097760525211
2.43	1017.4310456982812
2.44	1023.0601950693999
2.45	1028.6972024484598
2.46	1034.3420462662004
2.47	1039.9947050948394
2.48	1045.6551576571435
2.49	1051.323382818694
2.5	1056.999359586202
2.5100000000000002	1062.6830671072948
2.52	1068.3744846732911
2.5300000000000002	1074.0735917072113
2.54	1079.7803677709592
2.5500000000000003	1085.4947925603237
2.56	1091.21684590432
2.5700000000000003	1096.946507770303
2.58	1102.6837582460687
2.5900000000000003	1108.4285775543715
2.6	1114.1809460497047
2.6100000000000003	1119.9408442036015
2.62	1125.708252621133
2.6300000000000003	1131.483152029798
2.64	1137.2655232752536
2.6500000000000004	1143.0553473321984
2.66	1148.852605289323
2.67	1154.657278357916
2.68	1160.469347867017
2.69	1166.288795258958
2.7	1172.1156021018446
2.71	1177.949750060802
2.72	1183.7912209309013
2.73	1189.6399966104323
2.74	1195.496059114445
2.75	1201.3593905614114
2.7600000000000002	1207.229973183421
2.77	1213.1077893171414
2.7800000000000002	1218.992821415857
2.79	1224.8850520203644
2.8000000000000003	1230.7844637971998
2.81	1236.6910395018306
2.8200000000000003	1242.6047619952146
2.83	1248.5256142478938
2.8400000000000003	1254.4535793166228
2.85	1260.3886403773254
2.8600000000000003	1266.3307806895973
2.87	1272.2799836140484
2.8800000000000003	1278.2362326145674
2.89	1284.1995112483605
2.9000000000000004	1290.1698031644685
2.91	1296.147092106281
2.92	1302.131361918113
2.93	1308.1225965306435
2.94	1314.120779968811
2.95	1320.1258963489986
2.96	1326.1379298741401
2.97	1332.1568648384055
2.98	1338.1826856284254
2.99	1344.215376714931
3.	1350.2549226561414
3.0100000000000002	1356.3013081006197
3.02	1362.3545177701435
3.0300000000000002	1368.414536487367
3.04	1374.481349147579
3.0500000000000003	1380.5549407353978
3.06	1386.6352963092313
3.0700000000000003	1392.7224010299924
3.08	1398.8162401066725
3.0900000000000003	1404.9167988609443
3.1	1411.024062676587
3.1100000000000003	1417.138017017955
3.12	1423.2586474340555
3.1300000000000003	1429.3859395432899
3.14	1435.5198790490742
3.1500000000000004	1441.660451723497
3.16	1447.807643423796
3.1700000000000004	1453.9614400707997
3.18	1460.1218276675897
3.19	1466.288792292528
3.2	1472.4623200809474
3.21	1478.6423972709845
3.22	1484.8290101435837
3.23	1491.022145061719
3.24	1497.2217884716451
3.25	1503.427926864087
3.2600000000000002	1509.6405468234395
3.27	1515.8596349865154
3.2800000000000002	1522.0851780672551
3.29	1528.3171628453752
3.3000000000000003	1534.5555761646765
3.31	1540.8004049407996
3.3200000000000003	1547.0516361580385
3.33	1553.309256852136
3.3400000000000003	1559.5732541463303
3.35	1565.8436152064105
3.3600000000000003	1572.1203272750834
3.37	1578.4033776560927
3.3800000000000003	1584.6927537178003
3.39	1590.9884428816908
3.4000000000000004	1597.2904326425887
3.41	1603.598710564789
3.4200000000000004	1609.9132642435384
3.43	1616.2340813643975
3.44	1622.5611496595934
3.45	1628.8944569201665
3.46	1635.2339910036776
3.47	1641.5797398259142
3.48	1647.931691349983
3.49	1654.2898336145183
3.5	1660.6541546934495
3.5100000000000002	1667.0246427408742
3.52	1673.4012859481495
3.5300000000000002	1679.7840725811097
3.54	1686.1729909480828
3.5500000000000003	1692.5680294150134
3.56	1698.969176399106
3.5700000000000003	1705.3764203850146
3.58	1711.7897498963728
3.5900000000000003	1718.2091535228255
3.6	1724.6346198987962
3.6100000000000003	1731.066137716125
3.62	1737.5036957183456
3.6300000000000003	1743.9472826970764
3.64	1750.3968875049125
3.6500000000000004	1756.8524990361752
3.66	1763.3141062348227
3.6700000000000004	1769.7816981152318
3.68	1776.2552637166318
3.69	1782.734792134404
3.7	1789.2202725191887
3.71	1795.7116940833425
3.72	1802.2090460612874
3.73	1808.7123177513863
3.74	1815.221498487297
3.75	1821.7365776817041
3.7600000000000002	1828.2575447587542
3.77	1834.7843892015544
3.7800000000000002	1841.317100553973
3.79	1847.8556683837392
3.8000000000000003	1854.4000823247911
3.81	1860.9503320398703
3.8200000000000003	1867.5064072510281
3.83	1874.0682977214124
3.8400000000000003	1880.6359932444402
3.85	1887.209483680936
3.8600000000000003	1893.788758919693
3.87	1900.3738089091582
3.8800000000000003	1906.9646236159747
3.89	1913.5611930816688
3.9000000000000004	1920.1635073622451
3.91	1926.7715565678895
3.9200000000000004	1933.385330865353
3.93	1940.0048204401146
3.94	1946.6300155259858
3.95	1953.2609064086105
3.96	1959.8974833953416
3.97	1966.5397368665203
3.98	1973.187657206229
3.99	1979.8412348682054
4.	1986.5004603220668
4.01	1993.1653240985843
4.02	1999.835816763407
4.03	2006.5119289006639
4.04	2013.193651163237
4.05	2019.8809742323135
4.06	2026.5738888195747
4.07	2033.2723856743107
4.08	2039.9764555931101
4.09	2046.6860894149213
4.1	2053.401278001428
4.109999999999999	2060.1220122558584
4.12	2066.848283122249
4.13	2073.5800815909824
4.14	2080.317398666729
4.1499999999999995	2087.0602254158675
4.16	2093.8085529136897
4.17	2100.5623722866126
4.18	2107.3216746949447
4.1899999999999995	2114.086451338781
4.199999999999999	2120.8566934505952
4.21	2127.632392296341
4.22	2134.413539167813
4.2299999999999995	2141.200125413983
4.239999999999999	2147.9921423917876
4.25	2154.7895815069182
4.26	2161.5924342069743
4.27	2168.4006919446942
4.279999999999999	2175.2143462409917
4.29	2182.0333886337385
4.3	2188.857810688459
4.31	2195.6876040116927
4.319999999999999	2202.522760234506
4.33	2209.3632710274023
4.34	2216.209128091467
4.35	2223.0603231543764
4.359999999999999	2229.9168479937
4.37	2236.7786944086247
4.38	2243.645854200267
4.39	2250.518319266288
4.3999999999999995	2257.3960814629427
4.41	2264.2791327266314
4.42	2271.167465011611
4.43	2278.0610702907884
4.4399999999999995	2284.9599405859653
4.45	2291.864067926219
4.46	2298.773444402964
4.47	2305.688062101728
4.4799999999999995	2312.607913171752
4.489999999999999	2319.5329897544643
4.5	2326.4632840498716