0.1	0.05589212769761554
0.11	0.06762947451411479
0.12000000000000001	0.08048466388456638
0.13	0.09445769580897026
0.14	0.10954857028732645
0.15000000000000002	0.12575728731963498
0.16	0.14308384690589576
0.17	0.1615282490461089
0.18	0.1810904937402743
0.19	0.20177058098839207
0.2	0.22356851079046217
0.21000000000000002	0.24648428314648452
0.22	0.27051789805645915
0.23	0.29566935552038615
0.24000000000000002	0.3219386555382655
0.25	0.34932579811009706
0.26	0.37783078323588104
0.27	0.40745361091561727
0.28	0.4381942811493058
0.29000000000000004	0.4700527939369467
0.30000000000000004	0.5030291492785399
0.31	0.5371233471740853
0.32	0.572335387623583
0.33	0.6086652706270331
0.33999999999999997	0.6461129961844354
0.35	0.6846785642957901
0.36	0.7243619749610972
0.37	0.7651632281803565
0.38	0.8070823239535683
0.39	0.8501192622807323
0.4	0.8942740431618487
0.41000000000000003	0.9395466665969172
0.42000000000000004	0.9859371325859381
0.43000000000000005	1.0334454411289113
0.44000000000000006	1.082071592225837
0.45000000000000007	1.131815585876715
0.45999999999999996	1.1826774220815444
0.47	1.2346571008403269
0.48	1.2877546221530618
0.49	1.3419699860197487
0.5	1.3973031924403883
0.51	1.45375424141498
0.52	1.5113231329435242
0.53	1.5700098670260205
0.54	1.629814443662469
0.55	1.69073686285287
0.56	1.7527771245972232
0.5700000000000001	1.815935228895529
0.58	1.8802111757477864
0.59	1.9456049651539964
0.6	2.012116597114159
0.61	2.0797460716282736
0.62	2.148493388696341
0.63	2.2183585483183608
0.64	2.289341550494332
0.65	2.3614423952242563
0.66	2.4346610825081325
0.67	2.5089976123459614
0.6799999999999999	2.5844519847377416
0.69	2.661024199683475
0.7	2.7387142571831604
0.71	2.817522157236799
0.72	2.897447899844389
0.73	2.9784914850059314
0.74	3.060652912721426
0.75	3.1439321829908735
0.76	3.228329295814273
0.77	3.313844251191625
0.78	3.4004770491229293
0.79	3.488227689608186
0.8	3.5770961726473947
0.8099999999999999	3.6670824982405543
0.82	3.7581866663876675
0.83	3.850408677088734
0.84	3.9437485303437514
0.85	4.038206226152721
0.86	4.1337817645156445
0.87	4.23047514543252
0.88	4.328286368903346
0.89	4.427215434928126
0.9	4.527262343506858
0.91	4.628427094639543
0.92	4.730709688326178
0.93	4.8341101245667675
0.94	4.9386284033613075
0.95	5.044264524709801
0.96	5.151018488612247
0.97	5.258890295068645
0.98	5.367879944078995
0.99	5.477987435643298
1.	5.589212769761553
1.01	5.701555946433761
1.02	5.81501696565992
1.03	5.929595827440031
1.04	6.045292531774097
1.05	6.162107078662112
1.06	6.280039468104082
1.07	6.399089700100002
1.08	6.519257774649876
1.09	6.640543691753702
1.1	6.76294745141148
1.11	6.886469053623211
1.12	7.011108498388893
1.1300000000000001	7.136865785708529
1.1400000000000001	7.263740915582116
1.1500000000000001	7.3917338880096555
1.1600000000000001	7.520844702991147
1.1700000000000002	7.651073360526593
1.1800000000000002	7.782419860615988
1.1900000000000002	7.914884203259337
1.2000000000000002	8.048466388456639
1.2100000000000002	8.183166416207891
1.2200000000000002	8.318984286513098
1.2300000000000002	8.455919999372258
1.2400000000000002	8.593973554785366
1.2500000000000002	8.733144952752431
1.26	8.873434193273443
1.27	9.01484127634841
1.28	9.157366201977329
1.29	9.3010089701602
1.3	9.445769580897025
1.31	9.591648034187802
1.32	9.73864433003253
1.33	9.886758468431212
1.34	10.035990449383846
1.35	10.186340272890432
1.36	10.33780793895097
1.37	10.49039344756546
1.3800000000000001	10.644096798733903
1.3900000000000001	10.798917992456298
1.4000000000000001	10.954857028732647
1.4100000000000001	11.111913907562945
1.4200000000000002	11.270088628947198
1.4300000000000002	11.429381192885403
1.4400000000000002	11.589791599377557
1.4500000000000002	11.751319848423668
1.4600000000000002	11.91396594002373
1.4700000000000002	12.077729874177743
1.4800000000000002	12.24261165088571
1.4900000000000002	12.40861127014763
1.5000000000000002	12.5757287319635
1.51	12.743964036333317
1.52	12.913317183257092
1.53	13.083788172734819
1.54	13.2553770047665
1.55	13.428083679352133
1.56	13.601908196491717
1.57	13.776850556185252
1.58	13.952910758432743
1.59	14.130088803234184
1.6	14.308384690589579
1.61	14.487798420498923
1.62	14.668329992962223
1.6300000000000001	14.849979407979472
1.6400000000000001	15.032746665550675
1.6500000000000001	15.216631765675832
1.6600000000000001	15.401634708354937
1.6700000000000002	15.587755493587997
1.6800000000000002	15.77499412137501
1.6900000000000002	15.963350591715974
1.7000000000000002	16.152824904610892
1.7100000000000002	16.34341706005976
1.7200000000000002	16.53512705806258
1.7300000000000002	16.727954898619355
1.7400000000000002	16.921900581730082
1.7500000000000002	17.11696410739476
1.7600000000000002	17.313145475613393
1.77	17.51044468638597
1.78	17.708861739712503
1.79	17.908396635592993
1.8	18.109049374027432
1.81	18.310819955015823
1.82	18.51370837855817
1.83	18.717714644654468
1.84	18.922838753304713
1.85	19.129080704508915
1.86	19.33644049826707
1.87	19.544918134579177
1.8800000000000001	19.754513613445237
1.8900000000000001	19.965226934865246
1.9000000000000001	20.177058098839208
1.9100000000000001	20.390007105367122
1.9200000000000002	20.604073954448992
1.9300000000000002	20.819258646084812
1.9400000000000002	21.035561180274584
1.9500000000000002	21.25298155701831
1.9600000000000002	21.471519776315986
1.9700000000000002	21.691175838167617
1.9800000000000002	21.911949742573196
1.9900000000000002	22.13384148953273
2.	22.356851079046212
2.0100000000000002	22.580978511113653
2.02	22.806223785735042
2.03	23.032586902910378
2.04	23.26006786263968
2.05	23.488666664922924
2.06	23.718383309760124
2.07	23.949217797151277
2.08	24.181170127096387
2.09	24.414240299595434
2.1	24.64842831464845
2.1100000000000003	24.88373417225542
2.12	25.12015787241633
2.1300000000000003	25.357699415131197
2.14	25.596358800400008
2.15	25.836136028222775
2.16	26.077031098599505
2.17	26.319044011530178
2.18	26.56217476701481
2.19	26.806423365053384
2.2	27.05178980564592
2.21	27.2982740887924
2.22	27.545876214492843
2.23	27.794596182747227
2.24	28.04443399355557
2.25	28.29538964691786
2.2600000000000002	28.547463142834115
2.27	28.800654481304306
2.2800000000000002	29.054963662328465
2.29	29.31039068590656
2.3000000000000003	29.566935552038622
2.31	29.824598260724624
2.3200000000000003	30.08337881196459
2.33	30.343277205758497
2.3400000000000003	30.60429344210637
2.35	30.86642752100818
2.3600000000000003	31.129679442463953
2.37	31.394049206473667
2.3800000000000003	31.65953681303735
2.39	31.92614226215497
2.4000000000000004	32.193865553826555
2.41	32.46270668805208
2.42	32.73266566483156
2.43	33.003742484164995
2.44	33.27593714605238
2.45	33.54924965049373
2.46	33.82367999748901
2.47	34.099228187038264
2.48	34.37589421914146
2.49	34.65367809379861
2.5	34.93257981100971
2.5100000000000002	35.21259937077477
2.52	35.49373677309377
2.5300000000000002	35.77599201796673
2.54	36.05936510539364
2.5500000000000003	36.34385603537451
2.56	36.629464807909315
2.5700000000000003	36.91619142299809
2.58	37.2040358806408
2.5900000000000003	37.49299818083748
2.6	37.7830783235881
2.6100000000000003	38.074276308892685
2.62	38.36659213675121
2.6300000000000003	38.6600258071637
2.64	38.95457732013012
2.6500000000000004	39.250246675650516
2.66	39.54703387372485
2.67	39.844938914353136
2.68	40.14396179753538
2.69	40.444102523271575
2.7	40.745361091561726
2.71	41.04773750240582
2.72	41.35123175580388
2.73	41.655843851755876
2.74	41.96157379026184
2.75	42.268421571321745
2.7600000000000002	42.57638719493561
2.77	42.88547066110342
2.7800000000000002	43.19567196982519
2.79	43.50699112110091
2.8000000000000003	43.81942811493059
2.81	44.132982951314204
2.8200000000000003	44.44765563025178
2.83	44.7634461517433
2.8400000000000003	45.08035451578879
2.85	45.39838072238822
2.8600000000000003	45.71752477154161
2.87	46.03778666324894
2.8800000000000003	46.35916639751023
2.89	46.68166397432547
2.9000000000000004	47.00527939369467
2.91	47.330012655617814
2.92	47.6558637600949
2.93	47.982832707125965
2.94	48.31091949671096
2.95	48.64012412884992
2.96	48.97044660354282
2.97	49.30188692078969
2.98	49.634445080590496
2.99	49.96812108294527
3.	50.302914927853976
3.0100000000000002	50.63882661531666
3.02	50.97585614533327
3.0300000000000002	51.31400351790385
3.04	51.65326873302837
3.0500000000000003	51.993651790706856
3.06	52.335152690939275
3.0700000000000003	52.67777143372567
3.08	53.021508019066
3.0900000000000003	53.366362446960295
3.1	53.71233471740853
3.1100000000000003	54.05942483041073
3.12	54.40763278596687
3.1300000000000003	54.756958584076976
3.14	55.10740222474101
3.1500000000000004	55.45896370795903
3.16	55.811643033730974
3.1700000000000004	56.16544020205688
3.18	56.520355212936735
3.19	56.87638806637054
3.2	57.233538762358315
3.21	57.591807300900015
3.22	57.95119368199569
3.23	58.3116979056453
3.24	58.67331997184889
3.25	59.0360598806064
3.2600000000000002	59.39991763191789
3.27	59.76489322578331
3.2800000000000002	60.1309866622027
3.29	60.498197941176024
3.3000000000000003	60.86652706270333
3.31	61.235974026784554
3.3200000000000003	61.60653883341975
3.33	61.97822148260889
3.3400000000000003	62.35102197435199
3.35	62.72494030864903
3.3600000000000003	63.09997648550004
3.37	63.47613050490499
3.3800000000000003	63.8534023668639
3.39	64.23179207137674
3.4000000000000004	64.61129961844357
3.41	64.99192500806433
3.4200000000000004	65.37366824023904
3.43	65.7565293149677
3.44	66.14050823225031
3.45	66.5256049920869
3.46	66.91181959447741
3.47	67.29915203942188
3.48	67.68760232692031
3.49	68.0771704569727
3.5	68.46785642957903
3.5100000000000002	68.85966024473932
3.52	69.25258190245354
3.5300000000000002	69.64662140272175
3.54	70.04177874554388
3.5500000000000003	70.43805393091999
3.56	70.83544695885001
3.5700000000000003	71.23395782933402
3.58	71.63358654237197
3.5900000000000003	72.03433309796388
3.6	72.43619749610973
3.6100000000000003	72.83917973680954
3.62	73.2432798200633
3.6300000000000003	73.64849774587101
3.64	74.05483351423268
3.6500000000000004	74.46228712514831
3.66	74.87085857861787
3.6700000000000004	75.2805478746414
3.68	75.69135501321885
3.69	76.10327999435027
3.7	76.51632281803566
3.71	76.93048348427499
3.72	77.34576199306828
3.73	77.76215834441551
3.74	78.17967253831671
3.75	78.59830457477184
3.7600000000000002	79.01805445378095
3.77	79.43892217534398
3.7800000000000002	79.86090773946098
3.79	80.28401114613193
3.8000000000000003	80.70823239535683
3.81	81.13357148713568
3.8200000000000003	81.56002842146849
3.83	81.98760319835525
3.8400000000000003	82.41629581779597
3.85	82.84610627979063
3.8600000000000003	83.27703458433925
3.87	83.7090807314418
3.8800000000000003	84.14224472109834
3.89	84.57652655330881
3.9000000000000004	85.01192622807324
3.91	85.44844374539161
3.9200000000000004	85.88607910526395
3.93	86.32483230769022
3.94	86.76470335267044
3.95	87.20569224020464
3.96	87.64779897029277
3.97	88.09102354293486
3.98	88.53536595813091
3.99	88.98082621588091
4.	89.42740431618485
4.01	89.87510025904274
4.02	90.32391404445458
4.03	90.77384567242042
4.04	91.22489514294017
4.05	91.67706245601387
4.06	92.13034761164151
4.07	92.58475060982316
4.08	93.04027145055872
4.09	93.49691013384822
4.1	93.9546666596917
4.109999999999999	94.4135410280891
4.12	94.8735332390405
4.13	95.33464329254582
4.14	95.79687118860511
4.1499999999999995	96.26021692721832
4.16	96.72468050838555
4.17	97.19026193210667
4.18	97.65696119838174
4.1899999999999995	98.12477830721079
4.199999999999999	98.59371325859375
4.21	99.06376605253074
4.22	99.53493668902163
4.2299999999999995	100.00722516806648
4.239999999999999	100.48063148966527
4.25	100.95515565381805
4.26	101.43079766052475
4.27	101.9075575097854
4.279999999999999	102.38543520159999
4.29	102.8644307359686
4.3	103.3445441128911
4.31	103.82577533236757
4.319999999999999	104.30812439439798
4.33	104.79159129898238
4.34	105.27617604612071
4.35	105.76187863581296
4.359999999999999	106.2486990680592
4.37	106.73663734285941
4.38	107.22569346021353
4.39	107.71586742012161
4.3999999999999995	108.20715922258364
4.41	108.69956886759967
4.42	109.1930963551696
4.43	109.68774168529349
4.4399999999999995	110.18350485797133
4.45	110.68038587320316
4.46	111.17838473098891
4.47	111.67750143132861
4.4799999999999995	112.17773597422224
4.489999999999999	112.67908835966985
4.5	113.18155858767145