0.1	-61.33729773813805
0.11	-59.45156493812868
0.12000000000000001	-57.50297582153469
0.13	-55.49479156336389
0.14	-53.42989315627192
0.15000000000000002	-51.31084445039038
0.16	-49.13994255116238
0.17	-46.91925831531556
0.18	-44.65066913840362
0.19	-42.33588572316832
0.2	-39.97647412092701
0.21000000000000002	-37.573874029517015
0.22	-35.129414105748154
0.23	-32.644324872328745
0.24000000000000002	-30.119749675034157
0.25	-27.556754043513905
0.26	-24.956333738245
0.27	-22.319421706727056
0.28	-19.64689412986357
0.29000000000000004	-16.93957569938963
0.30000000000000004	-14.198244251610078
0.31	-11.423634849719392
0.32	-8.616443394781314
0.33	-5.777329834009976
0.33999999999999997	-2.906921020420242
0.35	-0.0058132718636443315
0.36	2.925425336684313
0.37	5.886252904872876
0.38	8.876151843027756
0.39	11.894627184482786
0.4	14.941205055627194
0.41000000000000003	18.015431280386778
0.42000000000000004	21.116870111991503
0.43000000000000005	24.245103071784612
0.44000000000000006	27.399727885813746
0.45000000000000007	30.580357509193888
0.45999999999999996	33.78661923120231
0.47	37.018153847050456
0.48	40.27461489665066
0.49	43.555667960620184
0.5	46.86099000773592
0.51	50.19026878781044
0.52	53.54320227483929
0.53	56.91949814001211
0.54	60.31887326819643
0.55	63.741053302825065
0.56	67.18577222271543
0.5700000000000001	70.6527719456107
0.58	74.14180196005793
0.59	77.65261897316752
0.6	81.18498658994902
0.61	84.73867500249503
0.62	88.3134607066315
0.63	91.9091262279698
0.64	95.52545986800877
0.65	99.16225546398321
0.66	102.8193121600046
0.67	106.49643419692359
0.6799999999999999	110.19343070248
0.69	113.91011550619129
0.7	117.64630695574334
0.71	121.40182774213392
0.72	125.17650473962951
0.73	128.97016884974778
0.74	132.7826548525225
0.75	136.61380126924027
0.76	140.4634502276445
0.77	144.33144733506055
0.78	148.21764155770063
0.79	152.12188510684672
0.8	156.04403332926165
0.8099999999999999	159.98394459884764
0.82	163.94148022359326
0.83	167.9165043413791
0.84	171.90888383889774
0.85	175.91848825498357
0.86	179.94518970084846
0.87	183.98886278201888
0.88	188.04938452142449
0.89	192.12663428056106
0.9	196.22049369615814
0.91	200.33084661021002
0.92	204.4575790040643
0.93	208.6005789348099
0.94	212.75973647931977
0.95	216.93494367827918
0.96	221.12609447151664
0.97	225.33308465787462
0.98	229.55581183270277
0.99	233.79417534346533
1.	238.0480762503302
1.01	242.31741725886297
1.02	246.60210270425839
1.03	250.90203848680386
1.04	255.21713203882064
1.05	259.5472922893942
1.06	263.8924296164411
1.07	268.25245582260357
1.08	272.6272840883326
1.09	277.0168289412211
1.1	281.4210062308716
1.11	285.8397330832785
1.12	290.27292788075664
1.1300000000000001	294.72051022467315
1.1400000000000001	299.18240091153524
1.1500000000000001	303.65852190317014
1.1600000000000001	308.1487962985263
1.1700000000000002	312.65314831303147
1.1800000000000002	317.1715032395351
1.1900000000000002	321.70378744370936
1.2000000000000002	326.2499283202343
1.2100000000000002	330.80985428340034
1.2200000000000002	335.38349474082315
1.2300000000000002	339.9707800658115
1.2400000000000002	344.5716415854702
1.2500000000000002	349.1860115542922
1.26	353.8138231368785
1.27	358.45501038628004
1.28	363.1095082257866
1.29	367.777252436687
1.3	372.45817962868904
1.31	377.1522272330808
1.32	381.85933348242315
1.33	386.57943739304386
1.34	391.3124787495
1.35	396.0583980952541
1.36	400.8171367049364
1.37	405.588636584498
1.3800000000000001	410.3728404457537
1.3900000000000001	415.1696916965467
1.4000000000000001	419.97913443338496
1.4100000000000001	424.80111341598933
1.4200000000000002	429.63557406368653
1.4300000000000002	434.48246244013177
1.4400000000000002	439.34172524426515
1.4500000000000002	444.2133097939071
1.4600000000000002	449.0971640157528
1.4700000000000002	453.9932364355835
1.4800000000000002	458.90147616611443
1.4900000000000002	463.82183289746024
1.5000000000000002	468.7542568865761
1.51	473.6986989464147
1.52	478.65511043177804
1.53	483.6234432460211
1.54	488.6036498051096
1.55	493.59568305471487
1.56	498.59949644546964
1.57	503.61504392618144
1.58	508.64227994098434
1.59	513.6811594213655
1.6	518.7316377622453
1.61	523.7936708378868
1.62	528.8672149784175
1.6300000000000001	533.9522269618232
1.6400000000000001	539.0486640218544
1.6500000000000001	544.1564838175854
1.6600000000000001	549.275644444019
1.6700000000000002	554.4061044194717
1.6800000000000002	559.5478226812318
1.6900000000000002	564.700758569906
1.7000000000000002	569.864871837425
1.7100000000000002	575.0401226251917
1.7200000000000002	580.2264714737677
1.7300000000000002	585.4238793006762
1.7400000000000002	590.6323074089355
1.7500000000000002	595.8517174686137
1.7600000000000002	601.082071519756
1.77	606.3233319717408
1.78	611.575461574695
1.79	616.8384234442598
1.8	622.1121810273414
1.81	627.396698130533
1.82	632.6919388778008
1.83	637.9978677275113
1.84	643.3144494753957
1.85	648.6416492236427
1.86	653.9794324011817
1.87	659.3277647411714
1.8800000000000001	664.6866122891247
1.8900000000000001	670.0559413917455
1.9000000000000001	675.4357186945363
1.9100000000000001	680.8259111351502
1.9200000000000002	686.226485942954
1.9300000000000002	691.6374106384358
1.9400000000000002	697.0586530202104
1.9500000000000002	702.4901811586624
1.9600000000000002	707.9319634120659
1.9700000000000002	713.3839683995001
1.9800000000000002	718.8461650108802
1.9900000000000002	724.3185224008229
2.	729.801009978054
2.0100000000000002	735.2935974148616
2.02	740.7962546348889
2.03	746.3089518098961
2.04	751.8316593523658
2.05	757.3643479317193
2.06	762.906988446364
2.07	768.4595520365306
2.08	774.0220100706991
2.09	779.5943341562504
2.1	785.1764961221626
2.1100000000000003	790.7684680256559
2.12	796.3702221442556
2.1300000000000003	801.9817309735772
2.14	807.6029672317778
2.15	813.2339038427967
2.16	818.8745139452438
2.17	824.5247708863817
2.18	830.1846482247105
2.19	835.8541197096654
2.2	841.5331593036636
2.21	847.2217411603685
2.22	852.919839634603
2.23	858.627429272625
2.24	864.3444848085686
2.25	870.0709811701779
2.2600000000000002	875.8068934693085
2.27	881.5521970070715
2.2800000000000002	887.306867261386
2.29	893.0708798981486
2.3000000000000003	898.8442107463183
2.31	904.6268358278141
2.3200000000000003	910.4187313330241
2.33	916.2198736207694
2.3400000000000003	922.0302392222496
2.35	927.8498048366362
2.3600000000000003	933.6785473299034
2.37	939.5164437338896
2.3800000000000003	945.3634712392286
2.39	951.2196071977771
2.4000000000000004	957.084829128006
2.41	962.9591146915669
2.42	968.8424417173527
2.43	974.7347881824462
2.44	980.6361322154523
2.45	986.5464520989535
2.46	992.4657262636894
2.47	998.3939332818778
2.48	1004.3310518762848
2.49	1010.2770609124927
2.5	1016.2319393972118
2.5100000000000002	1022.1956664780696
2.52	1028.168221446385
2.5300000000000002	1034.1495837251782
2.54	1040.1397328763526
2.5500000000000003	1046.1386485956982
2.56	1052.1463107122293
2.5700000000000003	1058.1626991933013
2.58	1064.1877941267096
2.5900000000000003	1070.2215757352087
2.6	1076.2640243732928
2.6100000000000003	1082.315120512494
2.62	1088.374844757884
2.6300000000000003	1094.4431778369617
2.64	1100.5201005953836
2.6500000000000004	1106.6055940078488
2.66	1112.6996391630478
2.67	1118.8022172722694
2.68	1124.9133096645523
2.69	1131.0328977822296
2.7	1137.1609631934066
2.71	1143.297487563208
2.72	1149.4424526867053
2.73	1155.5958404621883
2.74	1161.757632904707
2.75	1167.9278121327332
2.7600000000000002	1174.1063603783568
2.77	1180.293259978245
2.7800000000000002	1186.4884933856822
2.79	1192.692043141465
2.8000000000000003	1198.9038919121306
2.81	1205.1240224531448
2.8200000000000003	1211.3524176254664
2.83	1217.589060399637
2.8400000000000003	1223.8339338324117
2.85	1230.0870210997136
2.8600000000000003	1236.3483054611388
2.87	1242.6177702772973
2.8800000000000003	1248.8953990120774
2.89	1255.181175222686
2.9000000000000004	1261.4750825581632
2.91	1267.7771047618987
2.92	1274.0872256782081
2.93	1280.4054292377693
2.94	1286.7316994655218
2.95	1293.0660204778485
2.96	1299.4083764776829
2.97	1305.758751759195
2.98	1312.1171307090158
2.99	1318.4834977978765
3.	1324.8578375839954
3.0100000000000002	1331.2401347159362
3.02	1337.6303739154766
3.0300000000000002	1344.0285400052708
3.04	1350.4346178806074
3.0500000000000003	1356.8485925261045
3.06	1363.2704490001709
3.0700000000000003	1369.700172463718
3.08	1376.1377481257384
3.0900000000000003	1382.5831613079044
3.1	1389.0363973939957
3.1100000000000003	1395.497441848366
3.12	1401.9662802200223
3.1300000000000003	1408.4428981273668
3.14	1414.9272812738152
3.1500000000000004	1421.4194154314562
3.16	1427.919286457527
3.1700000000000004	1434.4268802728566
3.18	1440.9421828805266
3.19	1447.4651803588984
3.2	1453.9958588433058
3.21	1460.5342045718844
3.22	1467.0802038255792
3.23	1473.6338429673642
3.24	1480.1951084434938
3.25	1486.7639867446935
3.2600000000000002	1493.3404644553575
3.27	1499.9245282122986
3.2800000000000002	1506.5161647294578
3.29	1513.115360786551
3.3000000000000003	1519.7221032273796
3.31	1526.336378967584
3.3200000000000003	1532.9581749914582
3.33	1539.587478334745
3.3400000000000003	1546.2242761206824
3.35	1552.8685555150598
3.3600000000000003	1559.5203037605836
3.37	1566.1795081609978
3.3800000000000003	1572.8461560846642
3.39	1579.5202349530675
3.4000000000000004	1586.2017322610322
3.41	1592.8906355728532
3.4200000000000004	1599.5869324837774
3.43	1606.2906106793653
3.44	1613.0016578918437
3.45	1619.7200619122532
3.46	1626.445810598155
3.47	1633.178891865336
3.48	1639.9192936769034
3.49	1646.6670040714912
3.5	1653.4220111230284
3.5100000000000002	1660.1843029856136
3.52	1666.953867850603
3.5300000000000002	1673.7306939838313
3.54	1680.5147696936267
3.5500000000000003	1687.306083345933
3.56	1694.104623357956
3.5700000000000003	1700.9103782143486
3.58	1707.7233364387448
3.5900000000000003	1714.5434866207895
3.6	1721.370817394906
3.6100000000000003	1728.2053174529347
3.62	1735.046975538409
3.6300000000000003	1741.8957804429474
3.64	1748.7517210191454
3.6500000000000004	1755.6147861613238
3.66	1762.484964813441
3.6700000000000004	1769.3622459898734
3.68	1776.2466187298505
3.69	1783.1380721287542
3.7	1790.0365953372245
3.71	1796.9421775676171
3.72	1803.8548080543558
3.73	1810.774476095802
3.74	1817.7011710256138
3.75	1824.6348822564762
3.7600000000000002	1831.5755992125348
3.77	1838.5233113768984
3.7800000000000002	1845.478008293434
3.79	1852.4396795298715
3.8000000000000003	1859.408314720148
3.81	1866.383903527006
3.8200000000000003	1873.3664356724967
3.83	1880.3559009197677
3.8400000000000003	1887.3522890622364
3.85	1894.355589960727
3.8600000000000003	1901.3657935040324
3.87	1908.3828896406
3.8800000000000003	1915.406868337073
3.89	1922.4377196349776
3.9000000000000004	1929.4754335903185
3.91	1936.520000313281
3.9200000000000004	1943.5714099706165
3.93	1950.629652747805
3.94	1957.6947188786564
3.95	1964.7665986488153
3.96	1971.8452823656346
3.97	1978.9307604094554
3.98	1986.02302316436
3.99	1993.1220610840862
4.	2000.2278646382513
4.01	2007.3404243576274
4.02	2014.4597308078612
4.03	2021.585774573084
4.04	2028.7185463061771
4.05	2035.8580366883275
4.06	2043.0042364312162
4.07	2050.1571362841337
4.08	2057.316727043669
4.09	2064.48299954877
4.1	2071.65594466112
4.109999999999999	2078.8355532839473
4.12	2086.02181636129
4.13	2093.214724883528
4.14	2100.4142698553337
4.1499999999999995	2107.620442343086
4.16	2114.8332334220754
4.17	2122.0526342187195
4.18	2129.2786358933263
4.1899999999999995	2136.5112296459915
4.199999999999999	2143.750406709189
4.21	2150.9961583488716
4.22	2158.2484758568344
4.2299999999999995	2165.5073505820496
4.239999999999999	2172.772773881453
4.25	2180.0447371607365
4.26	2187.323231867499
4.27	2194.6082494544794
4.279999999999999	2201.899781442592
4.29	2209.1978193697078
4.3	2216.502354801349
4.31	2223.81337934406
4.319999999999999	2231.130884628904
4.33	2238.454862326385
4.34	2245.7853041375874
4.35	2253.1222017901896
4.359999999999999	2260.4655470617586
4.37	2267.8153317514843
4.38	2275.17154766048
4.39	2282.53418668641
4.3999999999999995	2289.9032406855263
4.41	2297.278701594231
4.42	2304.660561366781
4.43	2312.0488119760817
4.4399999999999995	2319.4434454439365
4.45	2326.8444537994224
4.46	2334.251829133953
4.47	2341.665563533057
4.4799999999999995	2349.0856491459745
4.489999999999999	2356.5120781141345
4.5	2363.944842637543